GA Aggressive Iteration Report (Real-time Append Mode)
Start Time: Mon Mar 09 13:10:01 CST 2026
--------------------------------------------------------------------------------
Iter   Best_Total Avg_Total  Avg_Stg1   Avg_Stg2   Diversity  Restart  Selected_IDs                  
1      51456.4077 51633.9015 57080.1463 5446.2448  0.6556     NO       -1, -26, -18, -11, -21, -6    
2      51456.4077 51717.3786 57237.2781 5519.8995  0.7667     NO       -1, -26, -18, -11, -21, -6    
3      51438.8109 51679.4564 57172.2766 5492.8202  0.7222     NO       -1, -9, -11, -27, -21, -16    
4      51438.8109 51694.0470 57175.5878 5481.5408  0.7333     NO       -1, -9, -11, -27, -21, -16    
5      51438.8109 51729.5008 57231.4416 5501.9408  0.7444     NO       -1, -9, -11, -27, -21, -16    
6      51438.8109 51729.5008 57231.4416 5501.9408  0.6556     YES      -1, -9, -11, -27, -21, -16    
7      51379.9705 51731.8012 57230.1098 5498.3086  0.6778     NO       -9, -2, -11, -21, -29, -16    
8      51379.9705 51732.0542 57231.8422 5499.7879  0.7556     NO       -9, -2, -11, -21, -29, -16    
9      51379.9705 51724.6146 57226.1602 5501.5456  0.7556     NO       -9, -2, -11, -21, -29, -16    
10     51379.9705 51725.6200 57242.6219 5517.0019  0.5778     YES      -9, -2, -11, -21, -29, -16    
