GA Aggressive Iteration Report (Real-time Append Mode)
Start Time: Tue Mar 10 11:39:54 CST 2026
--------------------------------------------------------------------------------
Iter   Best_Total Avg_Total  Avg_Stg1   Avg_Stg2   Diversity  Restart  Selected_IDs                  
1      42960.3374 43216.7227 48573.3964 5356.6737  0.4667     NO       -17, -1, -9, -5, -15, -24     
2      42960.3374 43238.9222 48604.8639 5365.9417  0.3556     NO       -17, -1, -9, -5, -15, -24     
3      42960.3374 43305.8695 48679.8866 5374.0172  0.6222     NO       -17, -1, -9, -5, -15, -24     
4      42838.5893 43282.3581 48650.9807 5368.6226  0.6111     NO       -17, -9, -2, -21, -14, -8     
5      42838.5893 43302.6403 48660.8281 5358.1878  0.4556     NO       -17, -9, -2, -21, -14, -8     
6      42838.5893 43316.8861 48685.4743 5368.5882  0.6222     NO       -17, -9, -2, -21, -14, -8     
7      42838.5893 43307.6607 48668.2877 5360.6270  0.5889     YES      -17, -9, -2, -21, -14, -8     
8      42838.5893 43332.4060 48707.9493 5375.5433  0.6111     NO       -17, -9, -2, -21, -14, -8     
9      42838.5893 43358.2008 48757.4467 5399.2459  0.6444     NO       -17, -9, -2, -21, -14, -8     
10     42838.5893 43343.1578 48717.6682 5374.5103  0.6556     YES      -17, -9, -2, -21, -14, -8     
