GA Aggressive Iteration Report (Real-time Append Mode)
Start Time: Fri Mar 06 23:57:58 CST 2026
--------------------------------------------------------------------------------
Iter   Best_Total Avg_Total  Avg_Stg1   Avg_Stg2   Diversity  Restart  Selected_IDs                  
1      43128.6386 43300.6153 48658.4799 5357.8646  0.5556     NO       -1, -17, -9, -5, -21, -13     
2      43128.6386 43367.3759 48690.6075 5323.2316  0.6778     NO       -1, -17, -9, -5, -21, -13     
3      43128.6386 43395.6647 48754.7264 5359.0617  0.4444     NO       -1, -17, -9, -5, -21, -13     
4      43128.6386 43381.3221 48734.4215 5353.0994  0.5222     YES      -1, -17, -9, -5, -21, -13     
5      43091.3629 43337.6518 48672.0615 5334.4097  0.6667     NO       -17, -9, -3, -21, -13, -6     
6      43091.3629 43360.6454 48672.7984 5312.1530  0.6333     NO       -17, -9, -3, -21, -13, -6     
7      43091.3629 43357.5419 48675.0350 5317.4930  0.6000     NO       -17, -9, -3, -21, -13, -6     
8      43091.3629 43376.2719 48680.3602 5304.0884  0.7889     YES      -17, -9, -3, -21, -13, -6     
9      43091.3629 43374.5586 48654.4628 5279.9042  0.6222     NO       -17, -9, -3, -21, -13, -6     
10     43091.3629 43404.9740 48677.8654 5272.8914  0.7111     NO       -17, -9, -3, -21, -13, -6     
11     43091.3629 43420.2741 48679.9129 5259.6388  0.7000     YES      -17, -9, -3, -21, -13, -6     
12     43091.3629 43403.4311 48654.3821 5250.9511  0.5667     NO       -17, -9, -3, -21, -13, -6     
13     43002.8888 43396.7517 48644.7007 5247.9490  0.7889     NO       -17, -9, -2, -22, -6, -15     
14     43002.8888 43390.5483 48634.9633 5244.4150  0.6444     NO       -17, -9, -2, -22, -6, -15     
15     43002.8888 43390.1856 48628.4468 5238.2612  0.6111     NO       -17, -9, -2, -22, -6, -15     
16     43002.8888 43390.7162 48629.2307 5238.5144  0.7111     YES      -17, -9, -2, -22, -6, -15     
17     43002.8888 43383.2355 48622.9113 5239.6758  0.6111     NO       -17, -9, -2, -22, -6, -15     
18     43002.8888 43381.8036 48627.4991 5245.6955  0.6889     NO       -17, -9, -2, -22, -6, -15     
19     43002.8888 43382.2532 48625.6881 5243.4349  0.5444     YES      -17, -9, -2, -22, -6, -15     
20     43002.8888 43370.0058 48609.6385 5239.6327  0.5444     NO       -17, -9, -2, -22, -6, -15     
21     43002.8888 43374.3438 48618.0555 5243.7118  0.7111     NO       -17, -9, -2, -22, -6, -15     
22     43002.8888 43375.0943 48616.4688 5241.3745  0.7000     YES      -17, -9, -2, -22, -6, -15     
23     43002.8888 43382.6020 48630.0402 5247.4382  0.6444     NO       -17, -9, -2, -22, -6, -15     
24     43002.8888 43387.8539 48634.9328 5247.0789  0.7111     NO       -17, -9, -2, -22, -6, -15     
25     43002.8888 43385.0275 48631.1602 5246.1327  0.7111     YES      -17, -9, -2, -22, -6, -15     
